[gd_scene load_steps=14 format=3 uid="uid://b26ra08yh7e5m"]

[ext_resource type="Script" path="res://behaviors/root.gd" id="1_prfgg"]
[ext_resource type="Script" path="res://behaviors/Boid.gd" id="3_t4eu4"]
[ext_resource type="Material" uid="uid://b2raijlysriqd" path="res://behaviors/Tank Material.tres" id="4_7170v"]
[ext_resource type="Script" path="res://behaviors/NoiseWander.gd" id="5_5bpgf"]
[ext_resource type="Script" path="res://behaviors/FPController.gd" id="5_8r2ni"]
[ext_resource type="Script" path="res://behaviors/Harmonic.gd" id="6_dub8v"]
[ext_resource type="Environment" uid="uid://b5dnnkkpxo3qc" path="res://behaviors/seek_environment..tres" id="6_qamsj"]
[ext_resource type="PackedScene" uid="uid://dc24oh4o5erhi" path="res://behaviors/SceneSwitcher.tscn" id="7_ybx0x"]
[ext_resource type="Script" path="res://behaviors/creature_generator.gd" id="12_2gfq1"]

[sub_resource type="BoxShape3D" id="BoxShape3D_xykdk"]

[sub_resource type="PackedScene" id="PackedScene_cmpgv"]
_bundled = {
"conn_count": 0,
"conns": PackedInt32Array(),
"editable_instances": [],
"names": PackedStringArray("head", "CharacterBody3D", "transform", "velocity", "script", "force", "acceleration", "vel", "speed", "max_speed", "pause", "CSGBox3D", "CSGBox3D", "material", "CollisionShape3D", "CollisionShape3D", "shape", "NoiseWander", "Node", "script", "frequency", "radius", "theta", "distance", "Harmonic", "Node", "script", "distance", "axis"),
"node_count": 5,
"node_paths": [NodePath("."), NodePath("."), NodePath("."), NodePath(".")],
"nodes": PackedInt32Array(-1, -1, 1, 0, -1, 9, 2, 0, 3, 1, 4, 2, 5, 3, 6, 4, 7, 5, 8, 6, 9, 7, 10, 8, 0, 1073741824, 0, 12, 11, -1, 1, 13, 9, 0, 1073741825, 0, 15, 14, -1, 1, 16, 10, 0, 1073741826, 0, 18, 17, -1, 5, 19, 11, 20, 12, 21, 13, 22, 14, 23, 15, 0, 1073741827, 0, 25, 24, -1, 3, 26, 16, 27, 17, 28, 18, 0),
"variants": [Transform3D(0.982116, 0.0273472, 0.186268, -0.0114341, 0.996222, -0.0859754, -0.187919, 0.082308, 0.978723, 11.2273, -0.31025, 65.5084), Vector3(1.75334, -0.809283, 9.21268), ExtResource("3_t4eu4"), Vector3(-1.98753, 2.39335, -8.89636), Vector3(0.283964, 2.78237, 0.83039), Vector3(1.75334, -0.809283, 9.21268), 9.42861, 5.0, true, ExtResource("4_7170v"), SubResource("BoxShape3D_xykdk"), ExtResource("5_5bpgf"), 1.0, 5.0, 1478.88, 10, ExtResource("6_dub8v"), 10, 1],
"version": 3
}

[sub_resource type="PackedScene" id="PackedScene_iyr64"]
_bundled = {
"conn_count": 0,
"conns": PackedInt32Array(),
"editable_instances": [],
"names": PackedStringArray("body", "CSGBox3D", "material"),
"node_count": 1,
"node_paths": [],
"nodes": PackedInt32Array(-1, -1, 1, 0, -1, 1, 2, 0, 0),
"variants": [ExtResource("4_7170v")],
"version": 3
}

[sub_resource type="SphereShape3D" id="18"]

[node name="exam" type="Node3D"]
script = ExtResource("1_prfgg")

[node name="creature_generator" type="Node3D" parent="."]
transform = Transform3D(0.0458024, -0.0719469, 0.996355, 0.00330287, 0.997408, 0.071871, -0.998944, -1.03838e-06, 0.0459214, 20.2075, 4.78027, 0)
script = ExtResource("12_2gfq1")
length = 20
start_angle = -0.42
frequency = 1.125
mult = 20.0
head_scene = SubResource("PackedScene_cmpgv")
body_scene = SubResource("PackedScene_iyr64")

[node name="Player" type="CharacterBody3D" parent="."]
transform = Transform3D(1, 0, 0, 0, -4.37114e-08, 1, 0, -1, -4.37114e-08, 0, 20, 0)
script = ExtResource("5_8r2ni")
speed = 10.0

[node name="CollisionShape3D" type="CollisionShape3D" parent="Player"]
shape = SubResource("18")

[node name="Camera3D" type="Camera3D" parent="Player"]
environment = ExtResource("6_qamsj")
far = 10000.0

[node name="AudioListener3D" type="AudioListener3D" parent="Player/Camera3D"]

[node name="DirectionalLight3D" type="DirectionalLight3D" parent="."]
transform = Transform3D(1, 0, 0, 0, -4.37114e-08, 1, 0, -1, -4.37114e-08, 0, 12.0512, 0.23691)
light_volumetric_fog_energy = 0.0

[node name="DirectionalLight3D" type="DirectionalLight3D" parent="DirectionalLight3D"]
transform = Transform3D(0.646177, 0.763187, 2.01452e-08, 6.97809e-09, -3.23043e-08, 1, 0.763187, -0.646177, -2.61999e-08, 0, 12.0512, 0.23691)
light_volumetric_fog_energy = 0.0

[node name="SceneSwitcher" parent="." instance=ExtResource("7_ybx0x")]
